30 30 0 0 0 0
u
20.0000 20.0000 20.0000 20.0000 20.0000 20.0000 20.0000 20.0000 20.0000 20.0000 20.0000 20.0000 20.0000 20.0000 20.0000 20.0000 20.0000 20.0000 20.0000 20.0000 20.0000 20.0000 20.0000 20.0000 20.0000 20.0000 20.0000 20.0000 20.0000 20.0000 
l
0.0 0.0 0.0 0.0 0.0 0.0 0.0 0.0 0.0 0.0 0.0 0.0 0.0 0.0 0.0 0.0 0.0 0.0 0.0 0.0 0.0 0.0 0.0 0.0 0.0 0.0 0.0 0.0 0.0 0.0 
Q
900
0 0 -0.1025
0 1 0.0736
0 2 -0.0993
0 3 -0.0942
0 4 -0.0488
0 5 -0.0604
0 6 0.0431
0 7 0.1390
0 8 -0.0314
0 9 -0.1933
0 10 0.1799
0 11 0.0089
0 12 -0.1184
0 13 -0.2907
0 14 0.0763
0 15 -0.2170
0 16 -0.0138
0 17 0.0948
0 18 0.0789
0 19 0.1426
0 20 0.0200
0 21 -0.0780
0 22 0.1047
0 23 -0.0478
0 24 0.1444
0 25 -0.0432
0 26 0.0385
0 27 0.0463
0 28 -0.0925
0 29 0.0350
1 0 0.0736
1 1 -0.3414
1 2 0.0311
1 3 0.1319
1 4 -0.0926
1 5 -0.0507
1 6 0.0300
1 7 -0.1068
1 8 -0.0781
1 9 0.0405
1 10 -0.0836
1 11 -0.1145
1 12 0.1574
1 13 -0.0807
1 14 -0.0109
1 15 -0.0492
1 16 -0.0589
1 17 0.0586
1 18 -0.0022
1 19 0.0218
1 20 -0.0187
1 21 -0.0013
1 22 -0.1036
1 23 -0.0726
1 24 0.0232
1 25 0.0733
1 26 0.0260
1 27 -0.0811
1 28 -0.0597
1 29 -0.0409
2 0 -0.0993
2 1 0.0311
2 2 -0.3530
2 3 0.0230
2 4 0.0346
2 5 -0.0337
2 6 0.1101
2 7 0.0071
2 8 0.0629
2 9 0.1237
2 10 -0.0356
2 11 -0.0069
2 12 -0.0527
2 13 0.0035
2 14 0.0271
2 15 0.0754
2 16 0.0955
2 17 -0.1083
2 18 0.0939
2 19 0.0466
2 20 -0.0358
2 21 -0.0574
2 22 -0.0177
2 23 0.0573
2 24 -0.0086
2 25 -0.0221
2 26 -0.0712
2 27 0.1591
2 28 -0.0153
2 29 -0.0172
3 0 -0.0942
3 1 0.1319
3 2 0.0230
3 3 -0.2860
3 4 -0.0344
3 5 0.0294
3 6 0.0329
3 7 0.0275
3 8 0.1249
3 9 0.0492
3 10 0.0244
3 11 -0.0484
3 12 -0.0452
3 13 0.1849
3 14 0.0562
3 15 0.1427
3 16 0.0441
3 17 0.0473
3 18 -0.1749
3 19 -0.2154
3 20 0.0507
3 21 -0.0057
3 22 -0.0064
3 23 0.0720
3 24 -0.1205
3 25 0.1380
3 26 -0.0475
3 27 -0.1060
3 28 0.0493
3 29 -0.0058
4 0 -0.0488
4 1 -0.0926
4 2 0.0346
4 3 -0.0344
4 4 -0.0425
4 5 -0.0206
4 6 -0.1007
4 7 0.0206
4 8 0.0103
4 9 0.1810
4 10 0.0100
4 11 -0.0650
4 12 0.0936
4 13 0.0967
4 14 -0.1632
4 15 0.1061
4 16 0.0669
4 17 -0.0537
4 18 0.0958
4 19 0.0194
4 20 -0.0287
4 21 -0.1185
4 22 0.1379
4 23 0.0395
4 24 -0.1740
4 25 -0.0519
4 26 0.0664
4 27 -0.0137
4 28 0.1329
4 29 -0.0755
5 0 -0.0604
5 1 -0.0507
5 2 -0.0337
5 3 0.0294
5 4 -0.0206
5 5 -0.3334
5 6 0.0057
5 7 0.0791
5 8 -0.0198
5 9 -0.0007
5 10 0.0633
5 11 -0.0194
5 12 -0.0284
5 13 -0.1635
5 14 0.0192
5 15 -0.0934
5 16 0.0272
5 17 0.0604
5 18 -0.0445
5 19 -0.1065
5 20 0.0754
5 21 -0.1188
5 22 -0.0542
5 23 -0.0866
5 24 0.0353
5 25 -0.0977
5 26 -0.0123
5 27 0.0248
5 28 0.0061
5 29 -0.0614
6 0 0.0431
6 1 0.0300
6 2 0.1101
6 3 0.0329
6 4 -0.1007
6 5 0.0057
6 6 -0.2064
6 7 0.0404
6 8 -0.0023
6 9 -0.0369
6 10 -0.0410
6 11 0.0024
6 12 -0.0486
6 13 -0.1397
6 14 0.1421
6 15 0.0753
6 16 -0.0497
6 17 -0.0274
6 18 -0.0900
6 19 -0.0926
6 20 -0.0547
6 21 0.2130
6 22 -0.1254
6 23 0.0624
6 24 0.0307
6 25 0.0916
6 26 0.1977
6 27 -0.1189
6 28 -0.1793
6 29 0.0501
7 0 0.1390
7 1 -0.1068
7 2 0.0071
7 3 0.0275
7 4 0.0206
7 5 0.0791
7 6 0.0404
7 7 -0.6086
7 8 -0.0324
7 9 -0.0485
7 10 0.0401
7 11 0.0201
7 12 0.0050
7 13 -0.0756
7 14 0.1314
7 15 -0.0799
7 16 0.0445
7 17 -0.0496
7 18 -0.0398
7 19 -0.0606
7 20 -0.0369
7 21 -0.0773
7 22 0.1269
7 23 -0.0593
7 24 0.0312
7 25 -0.0156
7 26 -0.2085
7 27 0.0378
7 28 0.1489
7 29 -0.0656
8 0 -0.0314
8 1 -0.0781
8 2 0.0629
8 3 0.1249
8 4 0.0103
8 5 -0.0198
8 6 -0.0023
8 7 -0.0324
8 8 -0.2818
8 9 0.0918
8 10 -0.1440
8 11 -0.0474
8 12 0.0099
8 13 0.0273
8 14 -0.1168
8 15 0.1900
8 16 0.0192
8 17 0.0462
8 18 -0.0332
8 19 0.0278
8 20 -0.0158
8 21 0.0902
8 22 -0.1374
8 23 0.0274
8 24 0.1248
8 25 0.1365
8 26 0.1016
8 27 -0.0168
8 28 0.0127
8 29 -0.0318
9 0 -0.1933
9 1 0.0405
9 2 0.1237
9 3 0.0492
9 4 0.1810
9 5 -0.0007
9 6 -0.0369
9 7 -0.0485
9 8 0.0918
9 9 -0.4136
9 10 0.0866
9 11 0.0587
9 12 0.0560
9 13 0.0351
9 14 -0.1150
9 15 -0.0538
9 16 0.0353
9 17 0.0297
9 18 -0.0435
9 19 0.0575
9 20 -0.0606
9 21 -0.0025
9 22 0.0064
9 23 -0.0308
9 24 0.0777
9 25 -0.0435
9 26 0.0328
9 27 -0.0856
9 28 0.0643
9 29 0.1007
10 0 0.1799
10 1 -0.0836
10 2 -0.0356
10 3 0.0244
10 4 0.0100
10 5 0.0633
10 6 -0.0410
10 7 0.0401
10 8 -0.1440
10 9 0.0866
10 10 -0.1185
10 11 0.0144
10 12 0.0587
10 13 -0.0589
10 14 -0.0765
10 15 -0.0711
10 16 -0.0028
10 17 0.0787
10 18 0.1840
10 19 0.2429
10 20 -0.0458
10 21 0.0143
10 22 0.1415
10 23 0.0020
10 24 0.1591
10 25 -0.0042
10 26 0.0083
10 27 0.1406
10 28 -0.0210
10 29 0.0176
11 0 0.0089
11 1 -0.1145
11 2 -0.0069
11 3 -0.0484
11 4 -0.0650
11 5 -0.0194
11 6 0.0024
11 7 0.0201
11 8 -0.0474
11 9 0.0587
11 10 0.0144
11 11 -0.2287
11 12 -0.0218
11 13 -0.0684
11 14 0.0937
11 15 -0.0044
11 16 0.0302
11 17 0.0205
11 18 -0.0983
11 19 -0.0549
11 20 0.1396
11 21 -0.0953
11 22 -0.1107
11 23 -0.0957
11 24 -0.0840
11 25 0.0965
11 26 -0.0276
11 27 0.0073
11 28 0.0027
11 29 -0.0045
12 0 -0.1184
12 1 0.1574
12 2 -0.0527
12 3 -0.0452
12 4 0.0936
12 5 -0.0284
12 6 -0.0486
12 7 0.0050
12 8 0.0099
12 9 0.0560
12 10 0.0587
12 11 -0.0218
12 12 -0.4597
12 13 -0.0152
12 14 -0.0169
12 15 -0.0049
12 16 -0.0362
12 17 -0.0320
12 18 -0.0675
12 19 0.0146
12 20 0.0407
12 21 -0.0294
12 22 0.0798
12 23 0.0464
12 24 0.0312
12 25 0.0202
12 26 0.0021
12 27 0.0813
12 28 -0.0546
12 29 0.0187
13 0 -0.2907
13 1 -0.0807
13 2 0.0035
13 3 0.1849
13 4 0.0967
13 5 -0.1635
13 6 -0.1397
13 7 -0.0756
13 8 0.0273
13 9 0.0351
13 10 -0.0589
13 11 -0.0684
13 12 -0.0152
13 13 -0.4697
13 14 0.0549
13 15 0.1013
13 16 0.0367
13 17 -0.1246
13 18 -0.0616
13 19 -0.1083
13 20 0.0509
13 21 0.0568
13 22 -0.1102
13 23 0.0433
13 24 -0.1253
13 25 0.0573
13 26 -0.0506
13 27 -0.0068
13 28 0.0691
13 29 -0.0955
14 0 0.0763
14 1 -0.0109
14 2 0.0271
14 3 0.0562
14 4 -0.1632
14 5 0.0192
14 6 0.1421
14 7 0.1314
14 8 -0.1168
14 9 -0.1150
14 10 -0.0765
14 11 0.0937
14 12 -0.0169
14 13 0.0549
14 14 -0.1364
14 15 -0.0116
14 16 -0.0642
14 17 0.1031
14 18 -0.0192
14 19 -0.0409
14 20 0.0357
14 21 0.1000
14 22 -0.0880
14 23 -0.0807
14 24 0.2274
14 25 0.1355
14 26 0.1230
14 27 -0.1185
14 28 -0.1523
14 29 0.0113
15 0 -0.2170
15 1 -0.0492
15 2 0.0754
15 3 0.1427
15 4 0.1061
15 5 -0.0934
15 6 0.0753
15 7 -0.0799
15 8 0.1900
15 9 -0.0538
15 10 -0.0711
15 11 -0.0044
15 12 -0.0049
15 13 0.1013
15 14 -0.0116
15 15 -0.1534
15 16 -0.1255
15 17 -0.0228
15 18 -0.1576
15 19 0.0384
15 20 -0.0012
15 21 0.0338
15 22 -0.0587
15 23 -0.0454
15 24 -0.0516
15 25 -0.0000
15 26 0.0658
15 27 -0.0922
15 28 0.0592
15 29 -0.0869
16 0 -0.0138
16 1 -0.0589
16 2 0.0955
16 3 0.0441
16 4 0.0669
16 5 0.0272
16 6 -0.0497
16 7 0.0445
16 8 0.0192
16 9 0.0353
16 10 -0.0028
16 11 0.0302
16 12 -0.0362
16 13 0.0367
16 14 -0.0642
16 15 -0.1255
16 16 -0.3186
16 17 0.0822
16 18 0.0301
16 19 -0.0502
16 20 0.0316
16 21 -0.0919
16 22 0.0594
16 23 -0.0323
16 24 -0.1138
16 25 -0.1178
16 26 -0.1063
16 27 0.0075
16 28 0.0337
16 29 -0.0650
17 0 0.0948
17 1 0.0586
17 2 -0.1083
17 3 0.0473
17 4 -0.0537
17 5 0.0604
17 6 -0.0274
17 7 -0.0496
17 8 0.0462
17 9 0.0297
17 10 0.0787
17 11 0.0205
17 12 -0.0320
17 13 -0.1246
17 14 0.1031
17 15 -0.0228
17 16 0.0822
17 17 -0.3508
17 18 0.0512
17 19 0.1819
17 20 0.0064
17 21 0.1592
17 22 0.0833
17 23 0.0209
17 24 0.0989
17 25 -0.0938
17 26 0.0848
17 27 -0.0166
17 28 -0.1458
17 29 0.0550
18 0 0.0789
18 1 -0.0022
18 2 0.0939
18 3 -0.1749
18 4 0.0958
18 5 -0.0445
18 6 -0.0900
18 7 -0.0398
18 8 -0.0332
18 9 -0.0435
18 10 0.1840
18 11 -0.0983
18 12 -0.0675
18 13 -0.0616
18 14 -0.0192
18 15 -0.1576
18 16 0.0301
18 17 0.0512
18 18 -0.2187
18 19 0.0375
18 20 0.1234
18 21 -0.0745
18 22 0.1188
18 23 -0.0001
18 24 0.0575
18 25 -0.0248
18 26 -0.1068
18 27 -0.0073
18 28 0.0637
18 29 0.0351
19 0 0.1426
19 1 0.0218
19 2 0.0466
19 3 -0.2154
19 4 0.0194
19 5 -0.1065
19 6 -0.0926
19 7 -0.0606
19 8 0.0278
19 9 0.0575
19 10 0.2429
19 11 -0.0549
19 12 0.0146
19 13 -0.1083
19 14 -0.0409
19 15 0.0384
19 16 -0.0502
19 17 0.1819
19 18 0.0375
19 19 -0.0327
19 20 -0.0804
19 21 0.0768
19 22 0.0862
19 23 0.1442
19 24 0.1079
19 25 0.0022
19 26 0.1054
19 27 -0.1372
19 28 -0.1977
19 29 -0.0290
20 0 0.0200
20 1 -0.0187
20 2 -0.0358
20 3 0.0507
20 4 -0.0287
20 5 0.0754
20 6 -0.0547
20 7 -0.0369
20 8 -0.0158
20 9 -0.0606
20 10 -0.0458
20 11 0.1396
20 12 0.0407
20 13 0.0509
20 14 0.0357
20 15 -0.0012
20 16 0.0316
20 17 0.0064
20 18 0.1234
20 19 -0.0804
20 20 -0.4447
20 21 -0.0267
20 22 0.0721
20 23 -0.0271
20 24 -0.1885
20 25 -0.0651
20 26 0.0057
20 27 -0.0085
20 28 -0.0638
20 29 -0.0264
21 0 -0.0780
21 1 -0.0013
21 2 -0.0574
21 3 -0.0057
21 4 -0.1185
21 5 -0.1188
21 6 0.2130
21 7 -0.0773
21 8 0.0902
21 9 -0.0025
21 10 0.0143
21 11 -0.0953
21 12 -0.0294
21 13 0.0568
21 14 0.1000
21 15 0.0338
21 16 -0.0919
21 17 0.1592
21 18 -0.0745
21 19 0.0768
21 20 -0.0267
21 21 -0.3435
21 22 -0.0826
21 23 -0.1390
21 24 -0.0272
21 25 0.0621
21 26 0.1653
21 27 0.0371
21 28 -0.2047
21 29 -0.0595
22 0 0.1047
22 1 -0.1036
22 2 -0.0177
22 3 -0.0064
22 4 0.1379
22 5 -0.0542
22 6 -0.1254
22 7 0.1269
22 8 -0.1374
22 9 0.0064
22 10 0.1415
22 11 -0.1107
22 12 0.0798
22 13 -0.1102
22 14 -0.0880
22 15 -0.0587
22 16 0.0594
22 17 0.0833
22 18 0.1188
22 19 0.0862
22 20 0.0721
22 21 -0.0826
22 22 -0.0997
22 23 0.0551
22 24 0.0547
22 25 -0.1917
22 26 -0.0687
22 27 0.1436
22 28 0.0777
22 29 0.0599
23 0 -0.0478
23 1 -0.0726
23 2 0.0573
23 3 0.0720
23 4 0.0395
23 5 -0.0866
23 6 0.0624
23 7 -0.0593
23 8 0.0274
23 9 -0.0308
23 10 0.0020
23 11 -0.0957
23 12 0.0464
23 13 0.0433
23 14 -0.0807
23 15 -0.0454
23 16 -0.0323
23 17 0.0209
23 18 -0.0001
23 19 0.1442
23 20 -0.0271
23 21 -0.1390
23 22 0.0551
23 23 -0.3179
23 24 0.0062
23 25 -0.0220
23 26 0.1567
23 27 -0.0451
23 28 -0.0236
23 29 -0.0133
24 0 0.1444
24 1 0.0232
24 2 -0.0086
24 3 -0.1205
24 4 -0.1740
24 5 0.0353
24 6 0.0307
24 7 0.0312
24 8 0.1248
24 9 0.0777
24 10 0.1591
24 11 -0.0840
24 12 0.0312
24 13 -0.1253
24 14 0.2274
24 15 -0.0516
24 16 -0.1138
24 17 0.0989
24 18 0.0575
24 19 0.1079
24 20 -0.1885
24 21 -0.0272
24 22 0.0547
24 23 0.0062
24 24 -0.3628
24 25 0.1045
24 26 0.0863
24 27 -0.0225
24 28 -0.2143
24 29 0.0005
25 0 -0.0432
25 1 0.0733
25 2 -0.0221
25 3 0.1380
25 4 -0.0519
25 5 -0.0977
25 6 0.0916
25 7 -0.0156
25 8 0.1365
25 9 -0.0435
25 10 -0.0042
25 11 0.0965
25 12 0.0202
25 13 0.0573
25 14 0.1355
25 15 -0.0000
25 16 -0.1178
25 17 -0.0938
25 18 -0.0248
25 19 0.0022
25 20 -0.0651
25 21 0.0621
25 22 -0.1917
25 23 -0.0220
25 24 0.1045
25 25 -0.3558
25 26 0.1646
25 27 -0.0297
25 28 -0.1262
25 29 0.0049
26 0 0.0385
26 1 0.0260
26 2 -0.0712
26 3 -0.0475
26 4 0.0664
26 5 -0.0123
26 6 0.1977
26 7 -0.2085
26 8 0.1016
26 9 0.0328
26 10 0.0083
26 11 -0.0276
26 12 0.0021
26 13 -0.0506
26 14 0.1230
26 15 0.0658
26 16 -0.1063
26 17 0.0848
26 18 -0.1068
26 19 0.1054
26 20 0.0057
26 21 0.1653
26 22 -0.0687
26 23 0.1567
26 24 0.0863
26 25 0.1646
26 26 -0.2794
26 27 -0.0305
26 28 -0.0927
26 29 0.0318
27 0 0.0463
27 1 -0.0811
27 2 0.1591
27 3 -0.1060
27 4 -0.0137
27 5 0.0248
27 6 -0.1189
27 7 0.0378
27 8 -0.0168
27 9 -0.0856
27 10 0.1406
27 11 0.0073
27 12 0.0813
27 13 -0.0068
27 14 -0.1185
27 15 -0.0922
27 16 0.0075
27 17 -0.0166
27 18 -0.0073
27 19 -0.1372
27 20 -0.0085
27 21 0.0371
27 22 0.1436
27 23 -0.0451
27 24 -0.0225
27 25 -0.0297
27 26 -0.0305
27 27 -0.4084
27 28 0.0293
27 29 -0.0289
28 0 -0.0925
28 1 -0.0597
28 2 -0.0153
28 3 0.0493
28 4 0.1329
28 5 0.0061
28 6 -0.1793
28 7 0.1489
28 8 0.0127
28 9 0.0643
28 10 -0.0210
28 11 0.0027
28 12 -0.0546
28 13 0.0691
28 14 -0.1523
28 15 0.0592
28 16 0.0337
28 17 -0.1458
28 18 0.0637
28 19 -0.1977
28 20 -0.0638
28 21 -0.2047
28 22 0.0777
28 23 -0.0236
28 24 -0.2143
28 25 -0.1262
28 26 -0.0927
28 27 0.0293
28 28 -0.2623
28 29 0.0388
29 0 0.0350
29 1 -0.0409
29 2 -0.0172
29 3 -0.0058
29 4 -0.0755
29 5 -0.0614
29 6 0.0501
29 7 -0.0656
29 8 -0.0318
29 9 0.1007
29 10 0.0176
29 11 -0.0045
29 12 0.0187
29 13 -0.0955
29 14 0.0113
29 15 -0.0869
29 16 -0.0650
29 17 0.0550
29 18 0.0351
29 19 -0.0290
29 20 -0.0264
29 21 -0.0595
29 22 0.0599
29 23 -0.0133
29 24 0.0005
29 25 0.0049
29 26 0.0318
29 27 -0.0289
29 28 0.0388
29 29 -0.4024
c
30
0 6.4067
1 16.2902
2 0.3789
3 -1.7618
4 -0.8673
5 20.5386
6 2.8615
7 12.5841
8 -3.2692
9 -0.6321
10 -16.2526
11 14.3486
12 5.9019
13 25.4467
14 -3.0789
15 10.8385
16 11.6601
17 -7.5647
18 6.0798
19 -3.0154
20 11.6737
21 13.2341
22 -3.6226
23 7.7613
24 1.6147
25 3.6995
26 -7.5409
27 12.7576
28 22.8388
29 13.4194
