30 30 0 0 0 0
u
20.0000 20.0000 20.0000 20.0000 20.0000 20.0000 20.0000 20.0000 20.0000 20.0000 20.0000 20.0000 20.0000 20.0000 20.0000 20.0000 20.0000 20.0000 20.0000 20.0000 20.0000 20.0000 20.0000 20.0000 20.0000 20.0000 20.0000 20.0000 20.0000 20.0000 
l
0.0 0.0 0.0 0.0 0.0 0.0 0.0 0.0 0.0 0.0 0.0 0.0 0.0 0.0 0.0 0.0 0.0 0.0 0.0 0.0 0.0 0.0 0.0 0.0 0.0 0.0 0.0 0.0 0.0 0.0 
Q
900
0 0 -0.1743
0 1 -0.0617
0 2 -0.1032
0 3 0.0993
0 4 -0.0770
0 5 0.0732
0 6 -0.0414
0 7 0.1155
0 8 0.1625
0 9 0.0223
0 10 -0.0164
0 11 0.0872
0 12 -0.0121
0 13 0.1123
0 14 0.0230
0 15 -0.1014
0 16 0.0008
0 17 -0.0136
0 18 -0.1393
0 19 -0.0866
0 20 -0.1634
0 21 0.1287
0 22 0.0406
0 23 0.0551
0 24 -0.0214
0 25 0.1743
0 26 -0.0183
0 27 0.1375
0 28 -0.0156
0 29 0.1427
1 0 -0.0617
1 1 0.0332
1 2 0.2457
1 3 0.0198
1 4 -0.0487
1 5 -0.2203
1 6 0.1018
1 7 0.0560
1 8 0.0533
1 9 -0.0612
1 10 0.0065
1 11 0.0286
1 12 0.0443
1 13 -0.0592
1 14 -0.0467
1 15 -0.0940
1 16 0.0061
1 17 -0.0211
1 18 0.0036
1 19 -0.0080
1 20 -0.1118
1 21 -0.0764
1 22 -0.0437
1 23 -0.0184
1 24 -0.1042
1 25 0.0564
1 26 -0.2475
1 27 -0.1954
1 28 0.1042
1 29 -0.0484
2 0 -0.1032
2 1 0.2457
2 2 0.1746
2 3 -0.1308
2 4 0.0965
2 5 0.2888
2 6 -0.0437
2 7 -0.0873
2 8 -0.0894
2 9 0.1096
2 10 -0.1664
2 11 0.2378
2 12 0.2255
2 13 0.1186
2 14 -0.0717
2 15 -0.1506
2 16 -0.0069
2 17 -0.0378
2 18 0.1525
2 19 -0.1890
2 20 0.0066
2 21 0.0503
2 22 -0.2114
2 23 -0.1356
2 24 -0.0857
2 25 -0.0403
2 26 -0.0327
2 27 0.0358
2 28 -0.0273
2 29 -0.1886
3 0 0.0993
3 1 0.0198
3 2 -0.1308
3 3 -0.1201
3 4 0.0808
3 5 -0.0300
3 6 -0.1686
3 7 0.1452
3 8 0.0579
3 9 -0.0890
3 10 -0.1032
3 11 0.1745
3 12 -0.1291
3 13 0.0259
3 14 0.0992
3 15 -0.0582
3 16 -0.0114
3 17 0.0035
3 18 -0.2027
3 19 -0.1107
3 20 0.0367
3 21 -0.0323
3 22 0.2275
3 23 0.0061
3 24 0.1871
3 25 0.0246
3 26 0.0358
3 27 -0.2188
3 28 -0.0270
3 29 -0.2526
4 0 -0.0770
4 1 -0.0487
4 2 0.0965
4 3 0.0808
4 4 -0.0552
4 5 0.0629
4 6 -0.0309
4 7 0.1667
4 8 -0.0641
4 9 0.1312
4 10 0.1111
4 11 0.3496
4 12 -0.0057
4 13 0.1837
4 14 0.1942
4 15 -0.1297
4 16 0.1106
4 17 -0.2411
4 18 -0.0226
4 19 0.1907
4 20 -0.0402
4 21 0.0313
4 22 -0.0956
4 23 0.0172
4 24 -0.0995
4 25 0.0268
4 26 0.0357
4 27 0.1307
4 28 0.0928
4 29 0.0265
5 0 0.0732
5 1 -0.2203
5 2 0.2888
5 3 -0.0300
5 4 0.0629
5 5 -0.0124
5 6 -0.2137
5 7 -0.1253
5 8 -0.0491
5 9 0.0293
5 10 0.1332
5 11 -0.0126
5 12 0.1352
5 13 -0.0236
5 14 -0.0005
5 15 -0.0225
5 16 0.0592
5 17 -0.1590
5 18 -0.0272
5 19 -0.2102
5 20 0.0655
5 21 0.0143
5 22 0.0993
5 23 -0.3022
5 24 0.1781
5 25 -0.2134
5 26 -0.1005
5 27 0.0672
5 28 0.1173
5 29 0.1167
6 0 -0.0414
6 1 0.1018
6 2 -0.0437
6 3 -0.1686
6 4 -0.0309
6 5 -0.2137
6 6 0.2098
6 7 -0.0729
6 8 -0.0342
6 9 -0.1664
6 10 0.0306
6 11 0.1030
6 12 -0.1193
6 13 0.2196
6 14 -0.0015
6 15 -0.0076
6 16 0.0514
6 17 0.0259
6 18 0.0588
6 19 -0.0357
6 20 -0.1061
6 21 -0.2417
6 22 0.0490
6 23 0.0825
6 24 0.0722
6 25 0.0080
6 26 -0.0515
6 27 0.0884
6 28 0.1619
6 29 0.0400
7 0 0.1155
7 1 0.0560
7 2 -0.0873
7 3 0.1452
7 4 0.1667
7 5 -0.1253
7 6 -0.0729
7 7 -0.0250
7 8 0.1837
7 9 0.2631
7 10 -0.0697
7 11 0.0436
7 12 -0.0542
7 13 -0.1441
7 14 0.0838
7 15 0.1541
7 16 0.0880
7 17 -0.0586
7 18 -0.1255
7 19 -0.1187
7 20 -0.0111
7 21 -0.0262
7 22 -0.2181
7 23 -0.0136
7 24 0.1707
7 25 0.0551
7 26 -0.0895
7 27 -0.0189
7 28 -0.0575
7 29 -0.1041
8 0 0.1625
8 1 0.0533
8 2 -0.0894
8 3 0.0579
8 4 -0.0641
8 5 -0.0491
8 6 -0.0342
8 7 0.1837
8 8 -0.1894
8 9 -0.0539
8 10 0.0023
8 11 0.0174
8 12 -0.0318
8 13 -0.0384
8 14 -0.0184
8 15 -0.2719
8 16 0.1146
8 17 -0.0231
8 18 0.1968
8 19 -0.0953
8 20 -0.1464
8 21 -0.1968
8 22 -0.0454
8 23 -0.1219
8 24 0.0436
8 25 -0.0208
8 26 0.0954
8 27 -0.2108
8 28 -0.2209
8 29 0.1870
9 0 0.0223
9 1 -0.0612
9 2 0.1096
9 3 -0.0890
9 4 0.1312
9 5 0.0293
9 6 -0.1664
9 7 0.2631
9 8 -0.0539
9 9 -0.0738
9 10 0.0757
9 11 -0.0376
9 12 -0.0995
9 13 -0.0424
9 14 -0.2388
9 15 0.0075
9 16 0.0263
9 17 0.0764
9 18 0.1148
9 19 0.0736
9 20 -0.2434
9 21 0.1223
9 22 -0.0550
9 23 0.0054
9 24 -0.1354
9 25 -0.0150
9 26 0.0720
9 27 -0.0067
9 28 0.2516
9 29 -0.2002
10 0 -0.0164
10 1 0.0065
10 2 -0.1664
10 3 -0.1032
10 4 0.1111
10 5 0.1332
10 6 0.0306
10 7 -0.0697
10 8 0.0023
10 9 0.0757
10 10 -0.1145
10 11 -0.1237
10 12 0.0313
10 13 -0.0779
10 14 -0.0211
10 15 -0.1397
10 16 -0.0465
10 17 0.1440
10 18 -0.0471
10 19 0.0078
10 20 -0.0908
10 21 -0.0217
10 22 -0.0570
10 23 0.0320
10 24 0.0634
10 25 0.0375
10 26 -0.1521
10 27 0.2095
10 28 -0.0749
10 29 0.0345
11 0 0.0872
11 1 0.0286
11 2 0.2378
11 3 0.1745
11 4 0.3496
11 5 -0.0126
11 6 0.1030
11 7 0.0436
11 8 0.0174
11 9 -0.0376
11 10 -0.1237
11 11 0.0792
11 12 -0.1717
11 13 0.0086
11 14 -0.0374
11 15 0.0277
11 16 -0.0769
11 17 0.2904
11 18 -0.1123
11 19 0.1227
11 20 0.1567
11 21 0.1812
11 22 -0.0833
11 23 0.0954
11 24 -0.0662
11 25 -0.0090
11 26 -0.1026
11 27 0.0467
11 28 -0.1196
11 29 0.1906
12 0 -0.0121
12 1 0.0443
12 2 0.2255
12 3 -0.1291
12 4 -0.0057
12 5 0.1352
12 6 -0.1193
12 7 -0.0542
12 8 -0.0318
12 9 -0.0995
12 10 0.0313
12 11 -0.1717
12 12 0.1988
12 13 -0.1136
12 14 0.0499
12 15 0.0008
12 16 0.1680
12 17 0.1552
12 18 0.0041
12 19 0.2305
12 20 -0.1041
12 21 -0.1689
12 22 -0.1109
12 23 0.2466
12 24 0.0368
12 25 0.1015
12 26 0.0306
12 27 -0.0051
12 28 -0.1700
12 29 0.0116
13 0 0.1123
13 1 -0.0592
13 2 0.1186
13 3 0.0259
13 4 0.1837
13 5 -0.0236
13 6 0.2196
13 7 -0.1441
13 8 -0.0384
13 9 -0.0424
13 10 -0.0779
13 11 0.0086
13 12 -0.1136
13 13 -0.0206
13 14 -0.0513
13 15 0.0690
13 16 0.2249
13 17 -0.0550
13 18 0.0681
13 19 -0.1002
13 20 0.0562
13 21 -0.0008
13 22 0.0203
13 23 -0.2065
13 24 -0.2158
13 25 -0.0464
13 26 0.0259
13 27 -0.0820
13 28 -0.0021
13 29 -0.1031
14 0 0.0230
14 1 -0.0467
14 2 -0.0717
14 3 0.0992
14 4 0.1942
14 5 -0.0005
14 6 -0.0015
14 7 0.0838
14 8 -0.0184
14 9 -0.2388
14 10 -0.0211
14 11 -0.0374
14 12 0.0499
14 13 -0.0513
14 14 0.0218
14 15 0.0188
14 16 -0.2841
14 17 -0.2831
14 18 0.3635
14 19 0.1560
14 20 -0.0258
14 21 0.0520
14 22 0.0334
14 23 -0.0382
14 24 0.2648
14 25 -0.0826
14 26 -0.0941
14 27 0.0319
14 28 -0.1688
14 29 0.1514
15 0 -0.1014
15 1 -0.0940
15 2 -0.1506
15 3 -0.0582
15 4 -0.1297
15 5 -0.0225
15 6 -0.0076
15 7 0.1541
15 8 -0.2719
15 9 0.0075
15 10 -0.1397
15 11 0.0277
15 12 0.0008
15 13 0.0690
15 14 0.0188
15 15 -0.1110
15 16 -0.0531
15 17 0.2875
15 18 -0.1915
15 19 0.0019
15 20 0.0778
15 21 0.0477
15 22 0.1080
15 23 -0.1136
15 24 0.0996
15 25 -0.2183
15 26 -0.0202
15 27 0.0628
15 28 -0.0513
15 29 0.0285
16 0 0.0008
16 1 0.0061
16 2 -0.0069
16 3 -0.0114
16 4 0.1106
16 5 0.0592
16 6 0.0514
16 7 0.0880
16 8 0.1146
16 9 0.0263
16 10 -0.0465
16 11 -0.0769
16 12 0.1680
16 13 0.2249
16 14 -0.2841
16 15 -0.0531
16 16 -0.0554
16 17 -0.1179
16 18 -0.1701
16 19 0.0245
16 20 0.0438
16 21 -0.0405
16 22 0.0616
16 23 0.0130
16 24 -0.0703
16 25 -0.0864
16 26 -0.1848
16 27 -0.1098
16 28 0.0849
16 29 0.0262
17 0 -0.0136
17 1 -0.0211
17 2 -0.0378
17 3 0.0035
17 4 -0.2411
17 5 -0.1590
17 6 0.0259
17 7 -0.0586
17 8 -0.0231
17 9 0.0764
17 10 0.1440
17 11 0.2904
17 12 0.1552
17 13 -0.0550
17 14 -0.2831
17 15 0.2875
17 16 -0.1179
17 17 0.0560
17 18 0.0686
17 19 -0.0667
17 20 0.0662
17 21 0.0856
17 22 -0.0939
17 23 0.0850
17 24 -0.0009
17 25 0.1636
17 26 -0.1304
17 27 0.0106
17 28 0.0361
17 29 0.2054
18 0 -0.1393
18 1 0.0036
18 2 0.1525
18 3 -0.2027
18 4 -0.0226
18 5 -0.0272
18 6 0.0588
18 7 -0.1255
18 8 0.1968
18 9 0.1148
18 10 -0.0471
18 11 -0.1123
18 12 0.0041
18 13 0.0681
18 14 0.3635
18 15 -0.1915
18 16 -0.1701
18 17 0.0686
18 18 -0.2313
18 19 0.2002
18 20 -0.0687
18 21 0.0136
18 22 -0.0700
18 23 -0.1268
18 24 0.0270
18 25 -0.0159
18 26 0.0904
18 27 -0.1770
18 28 0.0277
18 29 0.2651
19 0 -0.0866
19 1 -0.0080
19 2 -0.1890
19 3 -0.1107
19 4 0.1907
19 5 -0.2102
19 6 -0.0357
19 7 -0.1187
19 8 -0.0953
19 9 0.0736
19 10 0.0078
19 11 0.1227
19 12 0.2305
19 13 -0.1002
19 14 0.1560
19 15 0.0019
19 16 0.0245
19 17 -0.0667
19 18 0.2002
19 19 -0.1413
19 20 -0.0810
19 21 -0.0459
19 22 -0.1041
19 23 -0.1445
19 24 0.0006
19 25 0.2527
19 26 0.0191
19 27 -0.0983
19 28 0.0873
19 29 0.1024
20 0 -0.1634
20 1 -0.1118
20 2 0.0066
20 3 0.0367
20 4 -0.0402
20 5 0.0655
20 6 -0.1061
20 7 -0.0111
20 8 -0.1464
20 9 -0.2434
20 10 -0.0908
20 11 0.1567
20 12 -0.1041
20 13 0.0562
20 14 -0.0258
20 15 0.0778
20 16 0.0438
20 17 0.0662
20 18 -0.0687
20 19 -0.0810
20 20 -0.1567
20 21 0.0374
20 22 -0.0279
20 23 -0.1977
20 24 -0.0438
20 25 0.0993
20 26 0.0717
20 27 -0.0798
20 28 0.1201
20 29 0.1663
21 0 0.1287
21 1 -0.0764
21 2 0.0503
21 3 -0.0323
21 4 0.0313
21 5 0.0143
21 6 -0.2417
21 7 -0.0262
21 8 -0.1968
21 9 0.1223
21 10 -0.0217
21 11 0.1812
21 12 -0.1689
21 13 -0.0008
21 14 0.0520
21 15 0.0477
21 16 -0.0405
21 17 0.0856
21 18 0.0136
21 19 -0.0459
21 20 0.0374
21 21 -0.0012
21 22 -0.0521
21 23 0.1464
21 24 0.0513
21 25 -0.0839
21 26 0.1807
21 27 -0.1429
21 28 -0.0388
21 29 0.1050
22 0 0.0406
22 1 -0.0437
22 2 -0.2114
22 3 0.2275
22 4 -0.0956
22 5 0.0993
22 6 0.0490
22 7 -0.2181
22 8 -0.0454
22 9 -0.0550
22 10 -0.0570
22 11 -0.0833
22 12 -0.1109
22 13 0.0203
22 14 0.0334
22 15 0.1080
22 16 0.0616
22 17 -0.0939
22 18 -0.0700
22 19 -0.1041
22 20 -0.0279
22 21 -0.0521
22 22 0.0189
22 23 -0.0027
22 24 -0.1387
22 25 0.0196
22 26 -0.0855
22 27 -0.0009
22 28 -0.0184
22 29 0.1318
23 0 0.0551
23 1 -0.0184
23 2 -0.1356
23 3 0.0061
23 4 0.0172
23 5 -0.3022
23 6 0.0825
23 7 -0.0136
23 8 -0.1219
23 9 0.0054
23 10 0.0320
23 11 0.0954
23 12 0.2466
23 13 -0.2065
23 14 -0.0382
23 15 -0.1136
23 16 0.0130
23 17 0.0850
23 18 -0.1268
23 19 -0.1445
23 20 -0.1977
23 21 0.1464
23 22 -0.0027
23 23 0.0729
23 24 -0.1124
23 25 -0.2404
23 26 0.0490
23 27 0.0695
23 28 -0.1548
23 29 -0.0936
24 0 -0.0214
24 1 -0.1042
24 2 -0.0857
24 3 0.1871
24 4 -0.0995
24 5 0.1781
24 6 0.0722
24 7 0.1707
24 8 0.0436
24 9 -0.1354
24 10 0.0634
24 11 -0.0662
24 12 0.0368
24 13 -0.2158
24 14 0.2648
24 15 0.0996
24 16 -0.0703
24 17 -0.0009
24 18 0.0270
24 19 0.0006
24 20 -0.0438
24 21 0.0513
24 22 -0.1387
24 23 -0.1124
24 24 -0.1135
24 25 -0.1473
24 26 -0.1112
24 27 -0.0666
24 28 0.2335
24 29 -0.1184
25 0 0.1743
25 1 0.0564
25 2 -0.0403
25 3 0.0246
25 4 0.0268
25 5 -0.2134
25 6 0.0080
25 7 0.0551
25 8 -0.0208
25 9 -0.0150
25 10 0.0375
25 11 -0.0090
25 12 0.1015
25 13 -0.0464
25 14 -0.0826
25 15 -0.2183
25 16 -0.0864
25 17 0.1636
25 18 -0.0159
25 19 0.2527
25 20 0.0993
25 21 -0.0839
25 22 0.0196
25 23 -0.2404
25 24 -0.1473
25 25 0.0434
25 26 -0.1805
25 27 0.0517
25 28 0.0592
25 29 0.0276
26 0 -0.0183
26 1 -0.2475
26 2 -0.0327
26 3 0.0358
26 4 0.0357
26 5 -0.1005
26 6 -0.0515
26 7 -0.0895
26 8 0.0954
26 9 0.0720
26 10 -0.1521
26 11 -0.1026
26 12 0.0306
26 13 0.0259
26 14 -0.0941
26 15 -0.0202
26 16 -0.1848
26 17 -0.1304
26 18 0.0904
26 19 0.0191
26 20 0.0717
26 21 0.1807
26 22 -0.0855
26 23 0.0490
26 24 -0.1112
26 25 -0.1805
26 26 0.1600
26 27 -0.1023
26 28 0.1275
26 29 0.0449
27 0 0.1375
27 1 -0.1954
27 2 0.0358
27 3 -0.2188
27 4 0.1307
27 5 0.0672
27 6 0.0884
27 7 -0.0189
27 8 -0.2108
27 9 -0.0067
27 10 0.2095
27 11 0.0467
27 12 -0.0051
27 13 -0.0820
27 14 0.0319
27 15 0.0628
27 16 -0.1098
27 17 0.0106
27 18 -0.1770
27 19 -0.0983
27 20 -0.0798
27 21 -0.1429
27 22 -0.0009
27 23 0.0695
27 24 -0.0666
27 25 0.0517
27 26 -0.1023
27 27 -0.0496
27 28 0.1462
27 29 -0.1291
28 0 -0.0156
28 1 0.1042
28 2 -0.0273
28 3 -0.0270
28 4 0.0928
28 5 0.1173
28 6 0.1619
28 7 -0.0575
28 8 -0.2209
28 9 0.2516
28 10 -0.0749
28 11 -0.1196
28 12 -0.1700
28 13 -0.0021
28 14 -0.1688
28 15 -0.0513
28 16 0.0849
28 17 0.0361
28 18 0.0277
28 19 0.0873
28 20 0.1201
28 21 -0.0388
28 22 -0.0184
28 23 -0.1548
28 24 0.2335
28 25 0.0592
28 26 0.1275
28 27 0.1462
28 28 0.0823
28 29 -0.0429
29 0 0.1427
29 1 -0.0484
29 2 -0.1886
29 3 -0.2526
29 4 0.0265
29 5 0.1167
29 6 0.0400
29 7 -0.1041
29 8 0.1870
29 9 -0.2002
29 10 0.0345
29 11 0.1906
29 12 0.0116
29 13 -0.1031
29 14 0.1514
29 15 0.0285
29 16 0.0262
29 17 0.2054
29 18 0.2651
29 19 0.1024
29 20 0.1663
29 21 0.1050
29 22 0.1318
29 23 -0.0936
29 24 -0.1184
29 25 0.0276
29 26 0.0449
29 27 -0.1291
29 28 -0.0429
29 29 -0.0093
c
30
0 -7.1369
1 13.9824
2 0.2581
3 8.9565
4 -22.1581
5 5.1649
6 1.4015
7 -1.9053
8 15.7001
9 2.0014
10 8.4510
11 -25.7177
12 -8.2145
13 4.4191
14 -1.8403
15 15.1309
16 4.8776
17 -8.7679
18 1.8483
19 2.3871
20 14.2808
21 -1.6867
22 14.7943
23 20.5925
24 4.0405
25 4.8150
26 13.6001
27 12.9980
28 -11.2625
29 -13.9212
