30 30 0 0 0 0
u
20.0000 20.0000 20.0000 20.0000 20.0000 20.0000 20.0000 20.0000 20.0000 20.0000 20.0000 20.0000 20.0000 20.0000 20.0000 20.0000 20.0000 20.0000 20.0000 20.0000 20.0000 20.0000 20.0000 20.0000 20.0000 20.0000 20.0000 20.0000 20.0000 20.0000 
l
0.0 0.0 0.0 0.0 0.0 0.0 0.0 0.0 0.0 0.0 0.0 0.0 0.0 0.0 0.0 0.0 0.0 0.0 0.0 0.0 0.0 0.0 0.0 0.0 0.0 0.0 0.0 0.0 0.0 0.0 
Q
900
0 0 0.4312
0 1 0.1000
0 2 0.0070
0 3 -0.0065
0 4 -0.0476
0 5 -0.0538
0 6 -0.0602
0 7 0.0328
0 8 0.0019
0 9 0.0180
0 10 -0.1259
0 11 -0.0893
0 12 -0.1106
0 13 -0.0423
0 14 0.0446
0 15 0.0912
0 16 0.0535
0 17 -0.0117
0 18 -0.0481
0 19 -0.0998
0 20 0.0016
0 21 -0.0240
0 22 0.0615
0 23 0.0088
0 24 -0.0385
0 25 0.0011
0 26 -0.0902
0 27 0.0100
0 28 -0.1208
0 29 0.0103
1 0 0.1000
1 1 0.3433
1 2 0.0468
1 3 0.0608
1 4 -0.0737
1 5 -0.0184
1 6 -0.0128
1 7 0.0508
1 8 0.0351
1 9 -0.0718
1 10 -0.1001
1 11 -0.1219
1 12 0.0316
1 13 0.0285
1 14 -0.0927
1 15 -0.1680
1 16 0.0593
1 17 -0.0169
1 18 -0.0849
1 19 -0.0010
1 20 0.0178
1 21 0.0419
1 22 0.1022
1 23 0.0240
1 24 0.0215
1 25 0.0238
1 26 0.1387
1 27 -0.0494
1 28 0.0151
1 29 -0.0726
2 0 0.0070
2 1 0.0468
2 2 0.4957
2 3 0.0430
2 4 0.0943
2 5 0.0732
2 6 -0.0345
2 7 -0.0564
2 8 -0.0180
2 9 0.0704
2 10 0.1740
2 11 0.0510
2 12 0.1220
2 13 -0.0203
2 14 0.0490
2 15 0.0856
2 16 -0.0145
2 17 0.0416
2 18 -0.0015
2 19 -0.0204
2 20 -0.0648
2 21 0.0750
2 22 -0.0568
2 23 -0.0689
2 24 -0.0172
2 25 0.0383
2 26 0.0329
2 27 0.0619
2 28 -0.0207
2 29 -0.0921
3 0 -0.0065
3 1 0.0608
3 2 0.0430
3 3 0.5294
3 4 -0.0001
3 5 -0.0122
3 6 -0.0231
3 7 0.0006
3 8 0.0656
3 9 0.0505
3 10 -0.0404
3 11 0.0743
3 12 0.0433
3 13 0.0137
3 14 0.0523
3 15 0.0255
3 16 -0.0669
3 17 0.0219
3 18 0.0194
3 19 -0.1159
3 20 0.0007
3 21 -0.0245
3 22 0.0059
3 23 0.1494
3 24 0.0068
3 25 -0.0190
3 26 0.0073
3 27 0.0566
3 28 0.0161
3 29 -0.0374
4 0 -0.0476
4 1 -0.0737
4 2 0.0943
4 3 -0.0001
4 4 0.3720
4 5 -0.1047
4 6 0.1056
4 7 -0.0060
4 8 -0.0191
4 9 -0.0558
4 10 -0.0048
4 11 0.0702
4 12 0.0099
4 13 0.0947
4 14 -0.0805
4 15 -0.0240
4 16 0.0316
4 17 0.0203
4 18 -0.0466
4 19 -0.0303
4 20 -0.0722
4 21 0.0025
4 22 -0.0195
4 23 0.0547
4 24 -0.0435
4 25 0.0360
4 26 -0.0365
4 27 0.0044
4 28 -0.0886
4 29 -0.0371
5 0 -0.0538
5 1 -0.0184
5 2 0.0732
5 3 -0.0122
5 4 -0.1047
5 5 0.5160
5 6 -0.0404
5 7 0.0722
5 8 0.0113
5 9 0.0635
5 10 -0.0820
5 11 0.0570
5 12 -0.0271
5 13 -0.1298
5 14 0.1457
5 15 0.0133
5 16 -0.0342
5 17 0.0482
5 18 0.0692
5 19 0.0264
5 20 0.0011
5 21 -0.0229
5 22 -0.0675
5 23 0.0864
5 24 -0.0424
5 25 0.0275
5 26 0.0430
5 27 -0.0609
5 28 -0.0229
5 29 -0.0331
6 0 -0.0602
6 1 -0.0128
6 2 -0.0345
6 3 -0.0231
6 4 0.1056
6 5 -0.0404
6 6 0.4930
6 7 0.1347
6 8 0.1376
6 9 0.0150
6 10 -0.0080
6 11 -0.0155
6 12 -0.0617
6 13 -0.0533
6 14 -0.1096
6 15 0.0802
6 16 -0.0866
6 17 0.0285
6 18 -0.0520
6 19 0.0585
6 20 -0.0145
6 21 0.0321
6 22 -0.0703
6 23 0.0704
6 24 0.0351
6 25 0.1216
6 26 0.0077
6 27 -0.0791
6 28 -0.0267
6 29 0.0723
7 0 0.0328
7 1 0.0508
7 2 -0.0564
7 3 0.0006
7 4 -0.0060
7 5 0.0722
7 6 0.1347
7 7 0.2651
7 8 0.0009
7 9 0.0400
7 10 0.0263
7 11 -0.0408
7 12 0.0651
7 13 0.0027
7 14 -0.0228
7 15 -0.0097
7 16 0.0425
7 17 0.0580
7 18 -0.0349
7 19 -0.0320
7 20 -0.0153
7 21 0.0151
7 22 -0.0149
7 23 -0.1025
7 24 -0.0478
7 25 0.0607
7 26 0.0173
7 27 0.0115
7 28 0.0273
7 29 0.0111
8 0 0.0019
8 1 0.0351
8 2 -0.0180
8 3 0.0656
8 4 -0.0191
8 5 0.0113
8 6 0.1376
8 7 0.0009
8 8 0.4314
8 9 -0.0208
8 10 0.0836
8 11 -0.0031
8 12 0.0991
8 13 0.0282
8 14 0.0151
8 15 0.0399
8 16 -0.0912
8 17 -0.0643
8 18 -0.0192
8 19 0.0795
8 20 0.0517
8 21 0.0754
8 22 -0.0474
8 23 0.0940
8 24 0.0710
8 25 -0.0665
8 26 -0.0328
8 27 0.0153
8 28 0.1009
8 29 -0.0577
9 0 0.0180
9 1 -0.0718
9 2 0.0704
9 3 0.0505
9 4 -0.0558
9 5 0.0635
9 6 0.0150
9 7 0.0400
9 8 -0.0208
9 9 0.1575
9 10 -0.0340
9 11 -0.0456
9 12 -0.0605
9 13 0.0150
9 14 -0.0221
9 15 -0.0870
9 16 0.0479
9 17 0.0752
9 18 -0.0249
9 19 0.0771
9 20 -0.0653
9 21 -0.0747
9 22 0.0827
9 23 -0.0903
9 24 -0.0131
9 25 -0.0403
9 26 0.1321
9 27 -0.0922
9 28 0.0518
9 29 -0.0758
10 0 -0.1259
10 1 -0.1001
10 2 0.1740
10 3 -0.0404
10 4 -0.0048
10 5 -0.0820
10 6 -0.0080
10 7 0.0263
10 8 0.0836
10 9 -0.0340
10 10 0.5209
10 11 -0.0353
10 12 -0.1091
10 13 0.0408
10 14 -0.0297
10 15 0.0155
10 16 0.0017
10 17 -0.0029
10 18 -0.0702
10 19 0.0443
10 20 -0.0390
10 21 -0.0798
10 22 0.1316
10 23 -0.0847
10 24 0.0024
10 25 0.0200
10 26 0.0555
10 27 0.0571
10 28 -0.0731
10 29 0.0547
11 0 -0.0893
11 1 -0.1219
11 2 0.0510
11 3 0.0743
11 4 0.0702
11 5 0.0570
11 6 -0.0155
11 7 -0.0408
11 8 -0.0031
11 9 -0.0456
11 10 -0.0353
11 11 0.4285
11 12 -0.0404
11 13 0.1297
11 14 0.0567
11 15 0.0078
11 16 0.0120
11 17 -0.1407
11 18 -0.0647
11 19 -0.0954
11 20 -0.0939
11 21 -0.0333
11 22 -0.0500
11 23 0.0226
11 24 0.1241
11 25 -0.0329
11 26 0.1415
11 27 -0.0898
11 28 -0.0505
11 29 -0.0791
12 0 -0.1106
12 1 0.0316
12 2 0.1220
12 3 0.0433
12 4 0.0099
12 5 -0.0271
12 6 -0.0617
12 7 0.0651
12 8 0.0991
12 9 -0.0605
12 10 -0.1091
12 11 -0.0404
12 12 0.3450
12 13 0.0912
12 14 -0.0417
12 15 -0.0782
12 16 0.0755
12 17 -0.0449
12 18 -0.0290
12 19 -0.0612
12 20 -0.0838
12 21 -0.0985
12 22 0.0925
12 23 0.0120
12 24 -0.0411
12 25 -0.0794
12 26 0.0437
12 27 -0.0377
12 28 0.1128
12 29 0.0100
13 0 -0.0423
13 1 0.0285
13 2 -0.0203
13 3 0.0137
13 4 0.0947
13 5 -0.1298
13 6 -0.0533
13 7 0.0027
13 8 0.0282
13 9 0.0150
13 10 0.0408
13 11 0.1297
13 12 0.0912
13 13 0.4606
13 14 -0.0223
13 15 -0.0180
13 16 0.0719
13 17 -0.0660
13 18 0.0540
13 19 0.0622
13 20 0.0602
13 21 0.0434
13 22 0.0086
13 23 0.0252
13 24 0.0137
13 25 -0.0193
13 26 -0.0544
13 27 -0.0091
13 28 -0.0419
13 29 0.0775
14 0 0.0446
14 1 -0.0927
14 2 0.0490
14 3 0.0523
14 4 -0.0805
14 5 0.1457
14 6 -0.1096
14 7 -0.0228
14 8 0.0151
14 9 -0.0221
14 10 -0.0297
14 11 0.0567
14 12 -0.0417
14 13 -0.0223
14 14 0.3509
14 15 0.0228
14 16 0.0829
14 17 -0.1041
14 18 0.0306
14 19 -0.0009
14 20 0.0929
14 21 0.0073
14 22 0.0344
14 23 -0.0050
14 24 -0.0212
14 25 0.0338
14 26 0.0563
14 27 -0.0084
14 28 0.0694
14 29 0.0027
15 0 0.0912
15 1 -0.1680
15 2 0.0856
15 3 0.0255
15 4 -0.0240
15 5 0.0133
15 6 0.0802
15 7 -0.0097
15 8 0.0399
15 9 -0.0870
15 10 0.0155
15 11 0.0078
15 12 -0.0782
15 13 -0.0180
15 14 0.0228
15 15 0.3694
15 16 -0.0599
15 17 -0.0546
15 18 -0.0127
15 19 -0.0122
15 20 -0.0871
15 21 -0.0711
15 22 0.0869
15 23 -0.0110
15 24 0.0116
15 25 -0.0843
15 26 0.0574
15 27 -0.1044
15 28 -0.0699
15 29 0.0271
16 0 0.0535
16 1 0.0593
16 2 -0.0145
16 3 -0.0669
16 4 0.0316
16 5 -0.0342
16 6 -0.0866
16 7 0.0425
16 8 -0.0912
16 9 0.0479
16 10 0.0017
16 11 0.0120
16 12 0.0755
16 13 0.0719
16 14 0.0829
16 15 -0.0599
16 16 0.3055
16 17 -0.0681
16 18 -0.0443
16 19 0.0051
16 20 0.0592
16 21 0.0720
16 22 -0.0025
16 23 -0.0916
16 24 0.0251
16 25 0.0072
16 26 -0.0582
16 27 0.0178
16 28 -0.0058
16 29 0.0431
17 0 -0.0117
17 1 -0.0169
17 2 0.0416
17 3 0.0219
17 4 0.0203
17 5 0.0482
17 6 0.0285
17 7 0.0580
17 8 -0.0643
17 9 0.0752
17 10 -0.0029
17 11 -0.1407
17 12 -0.0449
17 13 -0.0660
17 14 -0.1041
17 15 -0.0546
17 16 -0.0681
17 17 0.3478
17 18 -0.0118
17 19 0.1159
17 20 0.0722
17 21 -0.0048
17 22 -0.0185
17 23 -0.0062
17 24 -0.0135
17 25 -0.0804
17 26 0.0141
17 27 0.1317
17 28 -0.0160
17 29 -0.0155
18 0 -0.0481
18 1 -0.0849
18 2 -0.0015
18 3 0.0194
18 4 -0.0466
18 5 0.0692
18 6 -0.0520
18 7 -0.0349
18 8 -0.0192
18 9 -0.0249
18 10 -0.0702
18 11 -0.0647
18 12 -0.0290
18 13 0.0540
18 14 0.0306
18 15 -0.0127
18 16 -0.0443
18 17 -0.0118
18 18 0.4422
18 19 0.0185
18 20 -0.0796
18 21 0.1526
18 22 -0.0770
18 23 -0.0055
18 24 -0.0302
18 25 0.1474
18 26 -0.0291
18 27 0.1550
18 28 0.0561
18 29 0.0994
19 0 -0.0998
19 1 -0.0010
19 2 -0.0204
19 3 -0.1159
19 4 -0.0303
19 5 0.0264
19 6 0.0585
19 7 -0.0320
19 8 0.0795
19 9 0.0771
19 10 0.0443
19 11 -0.0954
19 12 -0.0612
19 13 0.0622
19 14 -0.0009
19 15 -0.0122
19 16 0.0051
19 17 0.1159
19 18 0.0185
19 19 0.3940
19 20 -0.0206
19 21 -0.0527
19 22 0.0567
19 23 0.1088
19 24 -0.0337
19 25 0.0088
19 26 -0.0549
19 27 0.0119
19 28 0.0986
19 29 -0.0396
20 0 0.0016
20 1 0.0178
20 2 -0.0648
20 3 0.0007
20 4 -0.0722
20 5 0.0011
20 6 -0.0145
20 7 -0.0153
20 8 0.0517
20 9 -0.0653
20 10 -0.0390
20 11 -0.0939
20 12 -0.0838
20 13 0.0602
20 14 0.0929
20 15 -0.0871
20 16 0.0592
20 17 0.0722
20 18 -0.0796
20 19 -0.0206
20 20 0.3910
20 21 -0.0076
20 22 0.0891
20 23 -0.0014
20 24 -0.0530
20 25 -0.0228
20 26 0.0903
20 27 -0.0716
20 28 -0.0339
20 29 -0.0572
21 0 -0.0240
21 1 0.0419
21 2 0.0750
21 3 -0.0245
21 4 0.0025
21 5 -0.0229
21 6 0.0321
21 7 0.0151
21 8 0.0754
21 9 -0.0747
21 10 -0.0798
21 11 -0.0333
21 12 -0.0985
21 13 0.0434
21 14 0.0073
21 15 -0.0711
21 16 0.0720
21 17 -0.0048
21 18 0.1526
21 19 -0.0527
21 20 -0.0076
21 21 0.4992
21 22 -0.0248
21 23 -0.0234
21 24 0.0522
21 25 0.0039
21 26 -0.0689
21 27 -0.0321
21 28 -0.0760
21 29 0.0468
22 0 0.0615
22 1 0.1022
22 2 -0.0568
22 3 0.0059
22 4 -0.0195
22 5 -0.0675
22 6 -0.0703
22 7 -0.0149
22 8 -0.0474
22 9 0.0827
22 10 0.1316
22 11 -0.0500
22 12 0.0925
22 13 0.0086
22 14 0.0344
22 15 0.0869
22 16 -0.0025
22 17 -0.0185
22 18 -0.0770
22 19 0.0567
22 20 0.0891
22 21 -0.0248
22 22 0.1808
22 23 0.0316
22 24 -0.1122
22 25 -0.0757
22 26 -0.0939
22 27 0.0450
22 28 -0.0124
22 29 -0.0865
23 0 0.0088
23 1 0.0240
23 2 -0.0689
23 3 0.1494
23 4 0.0547
23 5 0.0864
23 6 0.0704
23 7 -0.1025
23 8 0.0940
23 9 -0.0903
23 10 -0.0847
23 11 0.0226
23 12 0.0120
23 13 0.0252
23 14 -0.0050
23 15 -0.0110
23 16 -0.0916
23 17 -0.0062
23 18 -0.0055
23 19 0.1088
23 20 -0.0014
23 21 -0.0234
23 22 0.0316
23 23 0.4819
23 24 0.0788
23 25 0.0048
23 26 -0.0751
23 27 -0.0106
23 28 0.0166
23 29 -0.0239
24 0 -0.0385
24 1 0.0215
24 2 -0.0172
24 3 0.0068
24 4 -0.0435
24 5 -0.0424
24 6 0.0351
24 7 -0.0478
24 8 0.0710
24 9 -0.0131
24 10 0.0024
24 11 0.1241
24 12 -0.0411
24 13 0.0137
24 14 -0.0212
24 15 0.0116
24 16 0.0251
24 17 -0.0135
24 18 -0.0302
24 19 -0.0337
24 20 -0.0530
24 21 0.0522
24 22 -0.1122
24 23 0.0788
24 24 0.2532
24 25 -0.0648
24 26 -0.0086
24 27 -0.0057
24 28 0.0988
24 29 0.0467
25 0 0.0011
25 1 0.0238
25 2 0.0383
25 3 -0.0190
25 4 0.0360
25 5 0.0275
25 6 0.1216
25 7 0.0607
25 8 -0.0665
25 9 -0.0403
25 10 0.0200
25 11 -0.0329
25 12 -0.0794
25 13 -0.0193
25 14 0.0338
25 15 -0.0843
25 16 0.0072
25 17 -0.0804
25 18 0.1474
25 19 0.0088
25 20 -0.0228
25 21 0.0039
25 22 -0.0757
25 23 0.0048
25 24 -0.0648
25 25 0.5585
25 26 0.1283
25 27 -0.0718
25 28 -0.0540
25 29 0.0409
26 0 -0.0902
26 1 0.1387
26 2 0.0329
26 3 0.0073
26 4 -0.0365
26 5 0.0430
26 6 0.0077
26 7 0.0173
26 8 -0.0328
26 9 0.1321
26 10 0.0555
26 11 0.1415
26 12 0.0437
26 13 -0.0544
26 14 0.0563
26 15 0.0574
26 16 -0.0582
26 17 0.0141
26 18 -0.0291
26 19 -0.0549
26 20 0.0903
26 21 -0.0689
26 22 -0.0939
26 23 -0.0751
26 24 -0.0086
26 25 0.1283
26 26 0.3377
26 27 -0.0067
26 28 0.0323
26 29 -0.1007
27 0 0.0100
27 1 -0.0494
27 2 0.0619
27 3 0.0566
27 4 0.0044
27 5 -0.0609
27 6 -0.0791
27 7 0.0115
27 8 0.0153
27 9 -0.0922
27 10 0.0571
27 11 -0.0898
27 12 -0.0377
27 13 -0.0091
27 14 -0.0084
27 15 -0.1044
27 16 0.0178
27 17 0.1317
27 18 0.1550
27 19 0.0119
27 20 -0.0716
27 21 -0.0321
27 22 0.0450
27 23 -0.0106
27 24 -0.0057
27 25 -0.0718
27 26 -0.0067
27 27 0.4894
27 28 0.0719
27 29 -0.0059
28 0 -0.1208
28 1 0.0151
28 2 -0.0207
28 3 0.0161
28 4 -0.0886
28 5 -0.0229
28 6 -0.0267
28 7 0.0273
28 8 0.1009
28 9 0.0518
28 10 -0.0731
28 11 -0.0505
28 12 0.1128
28 13 -0.0419
28 14 0.0694
28 15 -0.0699
28 16 -0.0058
28 17 -0.0160
28 18 0.0561
28 19 0.0986
28 20 -0.0339
28 21 -0.0760
28 22 -0.0124
28 23 0.0166
28 24 0.0988
28 25 -0.0540
28 26 0.0323
28 27 0.0719
28 28 0.4179
28 29 0.0038
29 0 0.0103
29 1 -0.0726
29 2 -0.0921
29 3 -0.0374
29 4 -0.0371
29 5 -0.0331
29 6 0.0723
29 7 0.0111
29 8 -0.0577
29 9 -0.0758
29 10 0.0547
29 11 -0.0791
29 12 0.0100
29 13 0.0775
29 14 0.0027
29 15 0.0271
29 16 0.0431
29 17 -0.0155
29 18 0.0994
29 19 -0.0396
29 20 -0.0572
29 21 0.0468
29 22 -0.0865
29 23 -0.0239
29 24 0.0467
29 25 0.0409
29 26 -0.1007
29 27 -0.0059
29 28 0.0038
29 29 0.3665
c
30
0 1.9587
1 -4.1657
2 -20.5290
3 -17.0600
4 -2.1394
5 -11.0061
6 -12.4945
7 -10.7233
8 -20.1292
9 0.3886
10 -7.1157
11 -1.9799
12 -3.3883
13 -17.6538
14 -11.1255
15 -0.3089
16 -8.1115
17 -3.8500
18 -10.4010
19 -9.2720
20 -0.8652
21 -7.2565
22 -3.8611
23 -13.2876
24 -4.6090
25 -11.9360
26 -12.4788
27 -7.8945
28 -8.9092
29 -2.3659
